(42-30)*56/4
12*14=168
resultCalc<- 168